 1.433e+006
   25.93
 1.034e+007
   81.92
 4.487e+006
   60.88
 3.218e+007
    36.7
 3.857e+007
   4.403
 4.517e+006
   9.841
 2.747e+007
   1.666
 1.228e+005
   37.11
 2.159e+007
   57.14
 4.909e+006
   4.641
 3.124e+006
   4.589
 8.539e+006
   38.92
 1.545e+007
   20.59
 2.399e+007
   9.379
 2.682e+006
   50.48
 1.233e+005
   79.03
 1.275e+007
   29.45
 2.07e+006
    44.5
 2.879e+006
   14.41
 2.211e+006
   69.93
 1.193e+007
   12.94
 5.527e+006
   1.464
 1.495e+006
   41.33
 4.867e+006
   16.67
 8.554e+006
   9.561
 1.031e+007
   50.41
 1.397e+005
   4.443
 8.558e+005
   15.06
 2.805e+007
   11.26
 8.164e+006
   31.85
 1.628e+006
    4.68
 2.631e+007
   38.51
 3.67e+007
   27.34
 6.011e+006
    5.29
 1.966e+007
   17.75
 8.412e+006
   4.322
 4.136e+006
   10.89
 5.26e+005
   49.39
 4.574e+006
   37.56
 7.566e+006
   6.492
 4.115e+005
   31.65
 5.129e+006
   28.16
 1.148e+007
   24.59
 1.009e+006
   116.8
 3.743e+006
    27.8
 1.347e+007
   6.178
 6.546e+006
   13.04
 1.956e+006
   3.868
 6.673e+006
   62.95
 4.689e+006
   32.83
 3.514e+007
   3.562
 2.163e+006
   28.15
 2.052e+007
   47.34
 8.072e+006
      12
 1.491e+007
   16.81
 2.928e+007
   27.86
 9.746e+006
   1.697
 4.266e+006
   44.23
 1.631e+007
   5.248
 6.718e+006
   18.64
 9.721e+006
   55.65
 7.256e+006
   24.05
 1.389e+006
   27.31
 9.133e+004
    21.5
 4.302e+006
   13.98
 4.946e+006
   5.752
 1.968e+007
   162.3
 1.199e+007
   74.56
 1.435e+007
  0.8175
 1.359e+007
     151
 1.698e+005
   57.59
 9.961e+006
   31.16
 1.788e+006
   7.347
 1.099e+007
   0.168
 5.235e+006
   12.99
 1.007e+007
   5.745
 8.854e+005
   1.302
 5.911e+006
   47.19
 6.984e+006
   25.79
 1.869e+006
    28.7
 1.677e+006
   18.72
 5.708e+006
   8.505
 3.7e+006
   5.891
 2.279e+006
   10.05
 3.76e+007
    61.1
 2.655e+007
   39.12
 2.836e+006
   17.34
 8.479e+005
   61.95
 5.21e+004
   7.281
 4.673e+005
   31.71
 2.236e+005
   70.41
 5.201e+006
    2.78
 5.414e+006
   47.46
 8.954e+006
   23.53
  7e+006
   20.76
 2.406e+007
   41.28
 4.979e+007
   230.4
 2.885e+007
   55.19
 9.079e+006
   6.882
 4.056e+006
   13.94
 4.061e+007
   21.13
 2.575e+007
   48.19
 1.273e+006
   3.407
 3.515e+006
   12.95
 4.514e+007
   38.35
 1.106e+007
   11.57
 1.131e+007
   5.061
 1.92e+006
   31.68
 1.824e+007
   147.6
 7.179e+006
   67.71
 7.688e+006
   1.177
 3.696e+007
   36.86
 6.116e+006
   19.27
 1.92e+007
   16.61
 6.965e+006
   5.111
 2.363e+006
   12.23
 1.374e+007
   37.59
 3.692e+005
   2.331
 1.556e+007
   14.27
 1.487e+007
   29.36
 6.106e+006
   53.39
 2.522e+006
   10.77
 2.322e+007
   90.74
 1.689e+007
    37.8
 6.498e+005
   9.086
 3.133e+006
   20.05
 7.051e+006
   20.14
 9.534e+006
   46.05
 1.02e+007
   33.91
 9.114e+006
   105.4
 3.618e+006
   30.96
 6.123e+006
   58.36
 1.331e+007
    42.9
 8.06e+005
   105.4
 2.404e+007
    3.88
 7.18e+006
   37.99
 2.887e+006
   6.599
 2.23e+007
   11.63
 1.294e+007
   29.36
 1.205e+007
   39.53
 3.682e+006
   24.77
 5.487e+006
   15.05
 1.694e+007
   18.21
 8.583e+006
   45.47
 1.399e+006
   142.4
 1.209e+006
   145.7
 1.522e+007
   35.11
 2.217e+006
   2.404
 2.479e+007
   15.73
 4.431e+006
   11.51
 1.01e+007
   59.73
 9.122e+004
   5.432
 1.246e+007
   112.4
 4.517e+006
   28.99
 1.134e+007
   84.51
 1.214e+007
   29.09
 3.434e+006
   14.83
 3.325e+005
   7.869
 4.646e+006
   4.957
 1.141e+006
   100.3
 2.31e+005
   15.42
 1.81e+007
   20.78
 2.427e+006
   64.82
 5.803e+005
   40.88
 1.407e+007
   75.73
 1.166e+007
   18.64
 9.714e+006
   21.15
 3.047e+006
   1.408
 1.15e+007
   52.89
 1.722e+007
    67.5
 1.552e+007
   10.32
 2.184e+006
   47.73
 2.581e+006
    47.1
 1.081e+007
   3.519
 8.588e+006
   12.21
 3.162e+007
   5.912
 2.386e+007
    6.62
 1.207e+007
   67.88
 4.846e+006
   11.82
 1.666e+006
   79.33
 2.475e+006
   1.691
 4.768e+006
   8.441
 2.144e+005
   21.19
 1.473e+007
   76.06
 7.042e+006
    54.9
 3.028e+007
   16.37
 8.796e+006
    19.8
 5.442e+005
   5.467
 1.805e+007
   8.726
 4.573e+006
    34.1
 4.076e+006
   4.539
 4.681e+006
   37.46
 2.102e+007
   12.08
 1.546e+006
   6.896
 8.363e+006
   26.76
 1.201e+006
   13.95
 1.493e+007
   3.429
 2.759e+006
   1.213
 6.721e+006
   51.47
 7.59e+006
   48.27
 2.102e+005
   34.08
 2.811e+007
   68.88
 1.034e+006
   52.35
 1.04e+007
   6.313
 4.026e+006
   52.68
 1.245e+007
   93.02
 5.247e+005
   11.96
 1.101e+006
   11.09
 7.425e+006
   4.665
 1.041e+006
   76.19
 7.826e+006
   39.42
 6.036e+005
   6.613
 4.947e+006
   54.55
 8.783e+006
   42.65
 1.985e+006
   67.75
 4.467e+005
   6.923
 8.463e+006
    18.9
 6.38e+006
    27.1
 1.945e+007
    4.45
 1.894e+007
   45.53
 5.657e+006
   108.6
 1.412e+007
   30.71
 9.936e+006
   1.016
 5.058e+006
   11.01
 2.791e+007
   26.52
 3.282e+004
   142.8
 8.954e+006
   11.85
 9.486e+006
   3.199
 7.566e+006
   19.09
 2.484e+006
      34
 1.377e+007
   36.87
 3.629e+006
   7.876
 6.156e+007
   57.84
 1.319e+007
     6.2
 2.213e+007
   49.38
 3.607e+005
   11.33
 4.372e+006
   45.71
 6.258e+005
   44.66
 6.443e+006
   0.486
    1143
   20.85
 1.249e+007
   97.86
 1.57e+007
   90.11
 6.78e+006
   19.65
 2.289e+007
   9.435
 1.787e+006
   46.64
 6.125e+006
    34.6
 4.255e+006
   33.88
 1.671e+007
   15.86
 1.031e+007
   100.8
 5.244e+006
   97.08
 1.304e+007
   27.48
 8.021e+005
   42.71
 1.685e+007
   36.15
 1.156e+007
   102.8
 6.754e+006
   20.29
 1.763e+006
   4.599
 2.81e+007
   8.024
 2.31e+007
   42.57
 7.434e+006
   41.06
 7.751e+006
   12.61
 1.41e+007
  0.7011
 1.157e+006
   3.461
 9.968e+006
    43.3
 8.313e+006
   44.52
 4.29e+006
   20.22
 1.151e+007
   31.96
 5.103e+006
   56.67
 4.271e+006
   20.99
 3.047e+005
   42.71
 2.116e+006
   14.77
 8.589e+005
   1.897
 9.935e+006
   2.346
 2.357e+006
    44.7
 3.077e+006
   59.67
 6.296e+006
   5.965
 1.073e+007
   20.94
 3.199e+006
 0.08241
 6.621e+006
   64.39
 1.407e+007
   16.33
 6.199e+005
   59.17
 6.097e+006
   21.33
 2.814e+006
   17.87
 5.687e+006
   15.23
 1.273e+007
   19.51
 1.264e+007
   19.39
 1.016e+007
   27.11
 1.66e+006
  0.4716
 1.056e+007
   28.69
 9.56e+006
   17.53
 3.857e+006
   9.639
 9.159e+006
   16.39
 2.099e+007
   15.47
 2.042e+006
   108.8
  5e+006
   10.62
 4.674e+006
   28.13
 3.52e+006
   40.59
 1.65e+007
   34.36
 3.257e+006
    2.54
 1.965e+007
   25.56
 8.379e+006
   2.397
 9.812e+005
   59.43
 8.839e+006
   35.73
 1.136e+006
   1.127
 3.793e+007
   20.01
 1.38e+007
   31.78
 1.68e+004
    20.4
 1.209e+007
   20.42
 3.87e+006
   7.405
 6.072e+006
    36.2
 1.595e+006
   7.813
 1.022e+007
   43.16
 1.48e+007
   77.64
 1.367e+007
   3.721
 6.302e+006
   57.91
 2.322e+006
   5.416
 1.438e+007
   10.32
 2.079e+007
   17.49
 1.037e+006
   10.42
 1.896e+007
   12.56
 1.919e+007
     141
 1.205e+007
   9.298
 1.368e+007
   19.06
 5.339e+005
   99.17
 9.45e+006
   32.27
 8.029e+006
    15.3
 8.139e+006
  0.7138
 2.35e+006
   54.81
 6.641e+006
   21.23
 1.164e+006
   22.99
 7.463e+007
   16.99
 7.037e+006
   25.62
 1.137e+007
   20.16
 3.268e+006
   6.784
 1.322e+007
   22.87
 1.536e+007
   27.19
 2.805e+005
   122.2
 6.529e+005
   38.45
 6.672e+006
   36.61
 5.623e+006
   92.33
 2.055e+007
   54.34
 5.834e+006
   61.61
 2.691e+007
   27.89
 2.689e+006
    10.2
 2.708e+007
   102.9
 2.794e+006
   107.3
 8.193e+006
   1.079
 3.33e+006
   24.52
 2.101e+006
   26.74
 2.191e+005
   37.26
 8.023e+006
   99.23
 1.694e+007
     112
 1.382e+007
   41.63
 2.64e+007
   58.37
 1.083e+007
    4.78
 1.225e+006
   246.6
 1.293e+007
   18.21
 8.964e+006
   14.32
 8.765e+005
   7.578
 4.675e+006
   1.613
 1.217e+006
   16.88
 4.48e+007
   4.616
 4.043e+006
   20.17
 8.451e+006
    18.7
 1.1e+007
   130.3
 3.863e+006
   73.14
 1.215e+006
   44.11
 4.286e+006
   9.057
 1.447e+007
   190.1
 2.194e+007
   1.986
 2.293e+006
    12.8
 2.179e+007
   7.907
 3.499e+006
   34.11
 3.463e+007
   35.19
 3.896e+006
   51.72
 1.499e+007
   31.32
 7.49e+006
    14.1
 1.16e+007
   5.221
 4.846e+004
    76.1
 2.266e+007
   3.088
 4.187e+007
   35.81
 2.224e+007
   14.08
 6.575e+006
   20.41
 3.372e+006
   28.67
 3.908e+006
   4.252
 3.522e+005
   10.37
 8.041e+006
   7.641
 2.446e+005
   5.378
 2.285e+006
   4.754
 3.973e+005
  0.4882
 6.142e+006
   37.83
 1.051e+006
   76.94
 1.852e+006
   61.55
 1.971e+006
   34.58
 1.434e+007
   3.383
 3.423e+006
   57.92
 7.253e+006
  0.2386
 3.052e+007
   1.867
 2.416e+006
   8.668
 3.396e+005
   38.34
 1.901e+006
   69.96
 3.188e+007
    61.9
 1.022e+007
   10.67
 3.659e+006
   73.25
 8.567e+006
   2.344
 1.468e+007
   7.458
 1.626e+007
   43.91
 6.873e+006
   15.53
 7.729e+006
   18.97
 1.649e+007
   48.99
 3.406e+006
   11.04
 3.294e+006
   20.69
 1.427e+006
   97.25
 2.483e+006
   25.33
 4.672e+006
   35.42
 6.82e+006
   47.37
 8.246e+006
   27.71
 1.397e+007
   37.55
 2.331e+007
   23.68
 1.303e+005
  0.2403
 3.248e+005
   4.091
 9.874e+006
   21.38
 1.819e+006
   12.18
 9.751e+006
   124.5
 1.003e+007
   6.017
 5.358e+006
   5.683
 1.475e+007
   6.878
 2.281e+007
   13.33
 2.351e+006
   75.05
 2.409e+007
   52.23
 7.304e+006
   61.41
 7.636e+005
   23.34
 2.705e+006
   124.3
 8.406e+004
   5.493
 3.237e+006
   16.55
 2.565e+007
   28.91
 1.193e+007
   19.66
 8.657e+006
    30.3
 1.956e+007
   9.956
 9.98e+006
   5.919
 3.021e+007
   28.97
 4.184e+006
   96.34
 2.255e+007
   1.455
 1.111e+007
   9.677
 9.635e+006
   49.51
 1.348e+007
   14.13
 1.239e+007
   16.91
 1.124e+007
    4.24
 5.932e+006
   17.41
 1.701e+007
   5.849
 2.192e+006
   78.21
 3.799e+006
   6.752
 2.144e+006
   43.41
 9.627e+005
    60.1
 1.173e+007
   97.07
 1.948e+006
   71.62
 6.752e+006
   43.09
 5.636e+006
   49.26
 1.868e+007
   29.16
 9.904e+006
   27.03
 1.32e+007
 0.07368
 2.615e+007
   7.793
 7.13e+006
   18.78
 1.215e+007
   12.25
 2.829e+007
   35.16
 1.477e+007
   3.197
 9.139e+006
   25.18
 3.548e+007
    74.7
 1.032e+007
   4.753
 1.414e+006
   100.8
 3.601e+007
   8.533
 5.345e+006
   29.66
 1.387e+007
     5.2
 2.367e+005
   50.12
 3.688e+006
   1.362
 3.578e+006
   2.294
 5.543e+006
   23.15
 2.07e+006
   74.74
 3.788e+007
   26.44
 6.472e+005
   10.45
 3.366e+007
  0.1997
 3.297e+007
   59.49
 2.512e+007
   9.643
 1.837e+006
   11.27
 1.114e+007
   13.35
 1.818e+006
   7.827
 7.252e+006
   20.31
 5.715e+007
    8.78
 1.299e+007
    71.4
 3.254e+007
   30.58
 6.332e+006
   5.256
 1.261e+007
   3.926
 7.233e+005
   38.92
 1.337e+007
   17.88
 1.119e+007
   64.58
 1.711e+006
    40.7
 3.136e+006
   10.23
 4.081e+007
   49.25
 9.63e+005
   26.61
 1.156e+007
   19.29
 5.115e+006
   22.39
 1.766e+006
   15.54
 9.947e+006
   22.73
 8.262e+005
    10.1
 2.521e+007
    22.1
 8.833e+006
   15.88
 1.33e+005
   4.761
 5.198e+006
   24.15
 7.734e+006
   22.23
 3.493e+006
   11.25
 1.075e+007
   109.9
 2.221e+007
   56.55
 1.054e+006
   42.61
 2.575e+007
   53.47
 8.061e+006
   17.52
 1.623e+007
   87.29
 6.027e+006
   10.98
 8.804e+006
    40.7
 1.353e+006
   39.85
 3.801e+006
   33.16
 3.943e+006
   182.4
 1.35e+007
   46.47
 1.349e+006
   44.16
 5.048e+006
   31.02
 2.294e+006
   12.57
 7.919e+005
   24.53
 6.809e+006
   125.1
 1.107e+007
   12.14
 2.309e+006
   6.318
 4.732e+006
      12
 2.734e+006
   12.37
 3.559e+006
   58.37
 3.026e+007
   69.05
 5.168e+006
   117.1
 3.788e+006
   85.48
 1.978e+007
   51.83
 5.868e+006
   107.9
 1.452e+007
   65.05
 6.806e+006
    6.67
 2.469e+006
   7.777
 2.848e+007
   3.179
 1.6e+007
   33.38
 2.732e+006
   23.35
 5.04e+006
   15.49
 1.805e+007
   81.27
 5.698e+006
   6.234
 8.788e+006
   8.988
 6.068e+006
   41.66
 7.34e+006
   93.41
 8.712e+005
   18.84
 7.162e+004
   25.07