 1.582e+006
   81.73
 4.671e+007
   27.02
 1.134e+006
   41.41
 2.065e+007
   27.31
 4.802e+007
   6.382
 1.193e+007
   23.86
 2.371e+006
    26.7
 7.506e+006
   28.66
 3.005e+007
   1.662
 5.374e+006
   1.695
 5.657e+006
   48.35
 1.175e+007
   120.5
 1.49e+006
 0.03942
 5.946e+006
   4.875
 6.635e+005
   93.18
 2.173e+007
   19.55
 9.466e+006
   40.69
 6.203e+006
   36.35
 2.242e+007
   53.96
 1.455e+007
   26.52
 6.485e+006
   82.98
 9.82e+006
   13.31
 4.691e+007
   3.754
 1.241e+007
    29.6
 7.79e+006
   14.54
 3.956e+006
   23.49
 1.926e+007
   23.21
 2.38e+007
   21.73
 1.159e+007
   27.68
 4.048e+006
   4.259
 5.03e+007
   17.43
 2.575e+006
   32.79
 2.131e+007
   55.04
 3.923e+006
   24.88
 5.124e+005
   73.53
 5.842e+007
   53.81
 8.476e+005
   87.95
 3.204e+007
   15.98
 1.866e+007
   25.73
 6.268e+007
  0.5084
 3.77e+006
   8.591
 1.712e+007
   24.41
 2.048e+006
   13.63
 2.413e+006
   16.76
 2.722e+007
   13.86
 2.589e+007
   58.76
 9.679e+006
   25.84
 1.291e+007
   1.997
 1.009e+006
   3.967
 9.027e+005
   4.407
 1.28e+006
   26.72
 7.804e+006
   142.6
 1.02e+007
   21.31
 1.196e+007
  0.7802
 1.616e+006
   53.01
 1.412e+007
   77.25
 2.399e+006
    12.3
 2.893e+007
   57.55
 1.097e+007
   30.03
 4.87e+007
   5.097
 3.236e+006
   13.99
 1.588e+007
   15.35
 2.127e+005
   1.244
 2.45e+007
   25.52
 4.456e+007
  0.1916
 1.986e+007
   93.75
 1.832e+007
   66.24
 1.108e+006
   10.68
 1.672e+007
   12.48
 2.509e+007
   4.026
 4.118e+006
   13.48
 1.063e+008
   52.42
 1.079e+007
   44.44
 8.202e+006
   34.71
 9.26e+006
   3.606
 1.805e+006
   33.93
 5.654e+006
   2.991
 2.371e+007
   14.31
 8.351e+006
   3.521
 1.311e+006
   14.43
 1.078e+007
   15.79
 1.953e+007
   104.7
 3.642e+006
   17.04
 1.198e+007
   13.59
 9.266e+005
   41.49
 9.483e+006
   0.338
 2.401e+007
   3.463
 1.51e+006
   44.03
 3.193e+006
   5.386
 1.274e+007
    43.2
 6.084e+007
    6.93
 5.875e+007
   12.16
 8.296e+006
   29.15
 2.403e+007
   69.57
 2.836e+006
   18.81
 2.259e+006
      12
 6.865e+006
    31.9
 5.529e+007
   35.64
 6.658e+006
   9.143
 3.291e+005
   13.76
 1.296e+007
   19.03
 2.72e+007
   28.09
 4.319e+007
   26.27
 7.994e+006
   10.41
 1.01e+007
   38.57
 1.95e+005
   11.54
 1.28e+007
   37.53
 8.152e+006
   2.165
 4.308e+006
   14.24
 1.947e+007
   27.15
 2.011e+006
    8.76
 3.991e+006
   38.28
 1.321e+007
   31.39
 3.133e+007
  0.7515
 8.393e+006
   105.5
 9.339e+005
   102.7
 2.02e+007
   45.55
 1.9e+007
   5.395
 5.454e+006
   32.56
 5.756e+007
   19.49
 4.926e+006
   138.8
 3.188e+007
   2.709
 5.598e+006
   74.35
 2.667e+007
   13.35
 4.714e+004
    16.7
 2.503e+006
   23.12
 1.723e+007
   7.465
 1.959e+006
   11.31
 2.207e+007
   45.98
 7.506e+006
   25.58
 3.543e+006
   33.15
 2.388e+007
   14.49
 1.023e+007
   17.35
 8.519e+006
   31.16
 9.778e+005
   51.18
 4.29e+006
   53.92
 3.24e+007
   6.791
 3.487e+007
   12.62
 1.78e+007
    36.4
 1.32e+006
  0.9197
 6.969e+006
   8.941
 1.895e+006
   12.48
 2.246e+007
   25.97
 6.966e+005
   17.69
 3.386e+005
   83.93
 5.295e+007
   6.602
 5.443e+007
   59.69
 3.183e+007
   7.579
 5.648e+006
   38.09
 2.318e+007
   11.92
 2.729e+007
   130.3
 4.264e+006
   16.46
 2.545e+006
   85.83
 4.301e+006
   44.44
 2.199e+007
   12.74
 1.099e+007
   28.46
 1.403e+007
   72.19
 3.102e+006
   3.552
 2.38e+007
   102.6
 1.981e+007
    63.3
 3.369e+007
   23.91
 1.061e+007
   19.11
 9.852e+006
   34.33
 7.953e+006
   37.63
 2.651e+006
   13.56
 1.606e+006
   3.022
 2.525e+007
      36
 9.242e+006
   46.49
 8.118e+006
   13.94
 1.38e+007
   28.46
 1.082e+006
   37.79
 9.335e+005
   73.89
 8.242e+006
   65.01
 8.137e+006
   21.41
 1.543e+007
   34.06
 9.441e+006
   76.03
 1.062e+007
   17.86
 9.632e+006
   11.34
 8.854e+005
   33.67
 5.688e+005
   19.45
 1.009e+007
   33.08
 2.676e+006
      13
 1.508e+007
   50.07
 3.475e+007
   90.39
 1.138e+007
   2.659
 2.774e+006
   27.44
 1.323e+007
   2.505
 6.051e+005
    16.9
 6.061e+005
   6.063
 7.342e+006
   25.74
 1.954e+007
   11.92
 7.984e+007
   14.33
 9.132e+006
  0.5558
 2.372e+007
   8.194
 8.352e+006
   72.95
 2.726e+007
   36.92
 5.194e+006
   13.34
 5.234e+006
   67.21
 9.205e+006
   50.75
 9.404e+005
   21.74
 2.73e+007
   10.37
 1.371e+007
   88.17
 3.409e+007
   13.17
 6.029e+006
  0.4622
 2.351e+006
   13.08
 2.468e+006
    77.1
 4.999e+007
   4.906
 1.097e+007
   23.11
 2.625e+007
    7.68
 3.572e+007
   7.756
 3.708e+007
   123.4
 9.559e+006
  0.9938
 4.515e+005
   40.05
 5.605e+006
   2.629
 4.341e+007
   32.71
 3.778e+007
   18.94
 2.907e+006
   26.79
 1.932e+006
   17.64
 2.041e+005
   48.44
 6.037e+006
   5.793
 6.07e+007
   14.17
 4.402e+006
   36.99
 1.914e+007
   63.23
 2.722e+007
   5.205
 3.58e+006
   15.47
 1.982e+007
   44.87
 4.841e+006
     122
 1.047e+006
   39.16
 1.508e+007
   23.21
 1.093e+007
   54.89
 3.878e+006
   47.34
 8.484e+004
   13.95
 3.113e+007
   2.435
 7.072e+006
   9.102
 8.59e+006
   8.206
 3.533e+007
   46.85
 4.309e+006
   45.56
 2.175e+007
   20.13
 4.419e+007
   34.16
 3.003e+006
   28.75
 1.752e+007
   17.12
 1.937e+007
   53.13
 2.358e+007
   20.59
 3.608e+006
   13.09
 1.438e+007
 0.01036
 1.97e+007
   18.08
 6.126e+007
   4.746
 4.947e+006
   9.545
 2.315e+007
   20.56
 1.289e+007
   5.249
 4.117e+006
  0.2843
 8.04e+006
   8.257
 3.054e+006
    25.5
 4.484e+006
   14.74
 3.431e+005
   7.918
 5.082e+006
   30.14
 3.126e+007
   38.57
 2.528e+007
   65.86
 4.432e+006
   23.87
 1.012e+006
   3.527
 4.156e+007
   106.6
 4.594e+006
   48.62
 6.197e+006
   7.412
 4.839e+006
   40.12
 4.535e+006
   65.65
 7.88e+006
   15.06
 3.995e+007
   110.1
 2.05e+007
   21.38
 9.868e+006
   8.655
 2.217e+007
   153.9
 2.706e+007
   47.87
 7.99e+006
    22.5
 2.776e+007
   3.949
 8.483e+006
    82.4
 4.083e+007
   40.34
 3.721e+006
    38.8
 7.544e+005
   34.22
 3.719e+007
   7.894
 6.45e+007
   80.06
 6.304e+007
   44.82
 2.121e+006
   80.19
 9.551e+005
   32.67
 1.131e+007
   17.51
 4.754e+006
   91.94
 7.205e+006
   61.25
 3.275e+007
   20.46
 2.587e+007
   172.8
 5.612e+006
   2.073
 3.282e+006
   2.378
 1.086e+007
   19.45
 1.364e+007
   3.831
 2.524e+007
   9.893
 3.596e+007
   55.68
 1.67e+005
   31.09
 7.615e+005
   41.74
 3.184e+007
   81.19
 1.935e+007
   45.79
 3.223e+006
   5.887
 1.322e+007
   6.239
 2.883e+007
   25.09
 1.314e+007
   72.01
 1.55e+007
   15.44
 3.139e+007
   3.861
 3.861e+006
    30.4
 3.642e+005
   19.66
 1.045e+007
   18.33
 1.184e+007
   12.26
 9.639e+006
   21.64
 2.302e+005
   44.02
 5.989e+006
   12.45
 3.096e+006
   27.72
 9.596e+007
   10.22
 3.715e+007
  0.3436
 3.113e+005
   40.97
 2.127e+006
   28.59
 3.116e+007
   37.01
 5.744e+006
   15.62
 1.453e+007
   59.76
 7.559e+006
   55.05
 3.477e+007
   76.65
 3.412e+007
   33.18
 5.997e+006
   13.91
 1.195e+007
   15.68
 5.875e+006
   24.45
 5.261e+006
    6.17
 3.716e+006
   6.775
 1.213e+007
   81.06
 2.337e+007
    13.8
 4.51e+005
   60.84
 3.347e+006
   22.69
 1.629e+007
   19.93
 3.474e+006
      11
 5.142e+006
   57.64
 3.126e+007
    20.2
 5.237e+006
   11.52
 1.307e+007
   10.01
 4.178e+007
   23.93
 8.279e+006
   6.559
 3.356e+007
   72.89
 6.839e+007
   1.833
 4.351e+006
   16.12
 9.394e+006
   28.97
 2.6e+007
   41.01
 5.298e+006
    6.71
 3.287e+007
   68.28
 4.266e+007
   9.726
 4.279e+006
   4.247
 3.673e+006
   50.53
 1.879e+007
   9.318
 5.089e+007
   13.91
 5.679e+007
   10.14
 6.723e+005
   21.32
 1.877e+007
   21.77
 1.955e+007
   18.04
 6.29e+006
   84.61
 1.229e+007
   9.529
 2.674e+007
   5.028
 7.576e+006
   14.83
 2.267e+006
   17.18
 1.516e+005
   13.79
 2.957e+007
   9.403
 3.778e+007
   8.199
 7.376e+006
   17.63
 2.247e+007
   3.098
 5.852e+006
   5.482
 4.279e+007
   3.546
 5.896e+006
   84.11
 9.91e+006
   59.83
 6.257e+006
   18.23
 1.697e+007
    1.42
 3.201e+006
   1.757
 1.801e+007
   49.74
 1.065e+007
    40.4
 2.52e+007
   69.84
 2.368e+006
   98.62
 3.369e+007
   64.05
 2.262e+007
   30.68
 5.782e+006
   4.302
 2.202e+006
   34.93
 4.822e+006
   32.77
 5.771e+006
   27.34
 6.909e+006
   61.33
 2.175e+007
   112.6
 1.77e+007
    4.96
 7.502e+006
   43.15
 3.634e+006
   25.32
 3.507e+006
   14.61
 1.088e+007
   54.12
 4.453e+006
   59.92
 6.385e+005
   158.8
 1.477e+005
   52.86
 9.691e+006
   10.56
 6.333e+004
   2.679
 2.679e+007
    7.21
 9.953e+004
   36.15
 1.244e+007
   12.45
 8.211e+006
   132.7
 5.778e+006
   6.184
 3.491e+006
   30.69
 3.681e+007
   38.06
 5.958e+007
   11.05
 2.095e+007
   68.44
 1.656e+007
   17.47
 1.499e+007
 0.05595
 1.108e+007
   53.53
 2.884e+007
   2.066
 6.684e+006
   75.16
 2.099e+007
   33.81
 6.038e+006
   12.43
 1.524e+007
   6.243
 3.586e+005
   49.64
 7.422e+005
   27.82
 2.887e+007
   18.77
 6.334e+006
   7.139
 6.9e+005
   25.06
 3.147e+007
   9.866
 1.604e+007
   21.71
 4.391e+006
   26.09
 6.96e+006
   11.25
 3.006e+006
      26
 5.249e+006
   14.94
 1.344e+007
   93.93
 7.23e+006
   40.02
 3.837e+006
   22.85
 2.446e+006
   19.47
 8.446e+006
   11.06
 1.848e+007
   55.91
 1.196e+007
   12.32
 5.933e+006
   18.21
 1.05e+007
    24.4
 2.789e+006
   98.15
 2.757e+007
   5.795
 1.207e+007
   7.611
 2.26e+006
   25.02
 1.292e+007
   27.89
 2.136e+007
   3.238
 5.618e+005
      51
 1.221e+006
   151.7
 1.898e+007
   5.738
 3.123e+007
   74.44
 4.776e+006
   3.861
 7.376e+006
   10.11
 2.138e+006
   3.666
 1.001e+007
   107.7
 1.057e+006
   112.9
 6.829e+006
   9.834
 1.664e+005
   27.33
 1.199e+007
   6.852
 4.372e+006
   62.63
 6.151e+006
   12.34
 1.419e+006
   13.11
 1.082e+007
      58
 1.718e+007
   59.07
 1.288e+007
   2.239
 1.115e+007
   42.86
 3.624e+006
   15.52
 9.903e+005
   19.98
 3.411e+006
    13.9
 2.256e+007
    21.4
 1.889e+007
   19.34
 2.153e+007
   28.91
 8.565e+007
  0.3171
 8.649e+006
   27.83
 4.639e+006
   33.12
 2.676e+007
   11.73
 5.319e+006
   67.96
 2.534e+006
   4.931
 1.175e+006
   17.43
 2.022e+007
   48.18
 4.496e+007
   24.77
 9.106e+006
   14.18
 3.977e+006
   129.5
 6.101e+006
    3.71
 8.707e+005
   9.722
 1.817e+007
   9.498
 1.419e+007
   6.148
 1.62e+007
   10.76
 3.871e+007
   73.14
 3.431e+007
   36.77
 1.873e+007
   11.25
 3.443e+007
   94.36
 4.781e+007
   39.19
 1.235e+007
   2.785
 1.116e+007
  0.3596
 2.806e+006
   14.37
 9.374e+006
   8.492
 1.62e+007
   21.68
 8.346e+006
      10
 9.007e+006
   7.929
 1.417e+007
   8.707
 8.435e+006
   9.725
 9.663e+005
   2.234
 9.55e+006
   27.94
 4.08e+006
   23.11
 4.725e+006
   2.316
 2.759e+006
   19.96
 1.131e+007
   36.86
 1.965e+007
   47.12
 1.39e+007
   43.55
 1.12e+007
   12.13
 8.025e+006
   63.52
 5.394e+007
   24.76
 2.424e+007
   2.407
 2.453e+007
   9.884
 4.478e+006
    17.5
 1.631e+006
  0.1393
 2.39e+004
   56.28
 7.623e+006
   26.57
 7.853e+006
   21.09
 9.985e+006
   100.8
 5.272e+007
   20.79
 6.395e+006
   83.08
 6.123e+006
   67.84
 1.287e+007
   26.48
 1.074e+006
   5.849
 3.303e+006
   20.53
 9.296e+006
   1.056
 2.011e+007
   10.92
 6.016e+005
    28.3
 2.97e+007
   24.22
 1.407e+006
   59.95
 2.852e+006
   55.05
 3.541e+007
   47.64
 1.131e+007
   26.03
 3.211e+006
   22.66
 2.024e+007
   63.23
 3.206e+007
   2.063
 1.092e+007
   132.9
 7.459e+006
   18.77
 4.014e+007
    1.64
 3.342e+006
   100.8
 2.387e+006
   5.229
 2.235e+007
    5.56
 1.406e+007
   62.86
 8.43e+004
   92.13
 1.324e+007
   2.911
 2.185e+007
   4.577
 4.935e+005
   15.64
 3.529e+006
   17.88
 2.611e+007
    20.7
 5.745e+005
   35.43
 1.214e+007
   12.05
 8.357e+006
   27.09
 8.38e+006
   19.21
 5.368e+006
   45.11
 1.824e+007
   44.76
 2.373e+007
   6.489
 1.016e+007
   25.24
 5.802e+006
   134.4
 3.301e+007
   3.071